%YAML:1.0
cameraMatrixL: !!opencv-matrix
   rows: 3
   cols: 3
   dt: d
   data: [ 8.1464627121784906e+002, 0., 2.8616217120572151e+002, 0.,
       8.1403666267593405e+002, 2.2570034274275886e+002, 0., 0., 1. ]
distCoeffL: !!opencv-matrix
   rows: 5
   cols: 1
   dt: d
   data: [ 2.9269942351028450e-002, 9.8164830151839924e-002,
       5.7565083016492403e-004, -1.0342116227786120e-002,
       -2.8435910505341533e+000 ]
