%YAML:1.0
cameraMatrixL: !!opencv-matrix
   rows: 3
   cols: 3
   dt: d
   data: [ 8.0245288236643069e+002, 0., 2.7491903855800768e+002, 0.,
       8.0361640515406202e+002, 2.1902495826867670e+002, 0., 0., 1. ]
distCoeffL: !!opencv-matrix
   rows: 5
   cols: 1
   dt: d
   data: [ 3.7132158169755972e-002, 2.7388045672960781e-001,
       -8.1566131998441951e-003, -1.4045710214743174e-002,
       -2.7443067683438485e+000 ]
