%YAML:1.0
cameraMatrixL: !!opencv-matrix
   rows: 3
   cols: 3
   dt: d
   data: [ 8.1031777761592025e+002, 0., 2.8964512559890807e+002, 0.,
       8.1116207795277012e+002, 2.1697278683603218e+002, 0., 0., 1. ]
distCoeffL: !!opencv-matrix
   rows: 5
   cols: 1
   dt: d
   data: [ 6.7289848752855874e-002, -5.7171045996868652e-001,
       -6.1923304862902531e-003, -4.5589145455466841e-003,
       2.0721300278334145e-001 ]
