%YAML:1.0
cameraMatrixR: !!opencv-matrix
   rows: 3
   cols: 3
   dt: d
   data: [ 7.9609888019793709e+002, 0., 2.8650418956598207e+002, 0.,
       7.9624026466985799e+002, 2.2132168160927358e+002, 0., 0., 1. ]
distCoeffR: !!opencv-matrix
   rows: 5
   cols: 1
   dt: d
   data: [ 9.8796960506391335e-002, -9.4982541840632617e-001,
       9.6793790530465349e-004, -5.2878903544261993e-003,
       2.2302427163032679e+000 ]
