%YAML:1.0
cameraMatrixR: !!opencv-matrix
   rows: 3
   cols: 3
   dt: d
   data: [ 7.8792635228895563e+002, 0., 2.9390334058237784e+002, 0.,
       7.9045073183268858e+002, 2.0759367316415614e+002, 0., 0., 1. ]
distCoeffR: !!opencv-matrix
   rows: 5
   cols: 1
   dt: d
   data: [ 8.7921505506022415e-002, -7.5362943882781042e-001,
       -5.1665533123860675e-003, -2.6851292302521872e-003,
       1.0297052756352343e+000 ]
