%YAML:1.0
cameraMatrixR: !!opencv-matrix
   rows: 3
   cols: 3
   dt: d
   data: [ 8.0933591883948100e+002, 0., 2.5939954916109735e+002, 0.,
       8.0859660311221728e+002, 2.2076027684103488e+002, 0., 0., 1. ]
distCoeffR: !!opencv-matrix
   rows: 5
   cols: 1
   dt: d
   data: [ 9.3895769597814281e-003, 1.0251808582912918e+000,
       -4.5371856631410456e-003, -2.2464880072074950e-002,
       -6.0337719346123277e+000 ]
