%YAML:1.0
R: !!opencv-matrix
   rows: 3
   cols: 3
   dt: d
   data: [ 9.9927985216193316e-001, -1.3898445809391041e-002,
       -3.5307368456292454e-002, 1.3461801476370631e-002,
       9.9983031370093733e-001, -1.2574724875561985e-002,
       3.5476146411860462e-002, 1.2090368429816872e-002,
       9.9929738618040798e-001 ]
T: !!opencv-matrix
   rows: 3
   cols: 1
   dt: d
   data: [ -6.0824967462228365e+001, -3.8163934799198742e+000,
       7.3942840023559260e+000 ]
Rl: !!opencv-matrix
   rows: 3
   cols: 3
   dt: d
   data: [ 9.8662215097168460e-001, 4.6927888953047184e-002,
       -1.5612336292309587e-001, -4.7740504914391024e-002,
       9.9885870904984431e-001, -1.4572391010286962e-003,
       1.5587679558717277e-001, 8.8911525512183169e-003,
       9.8773648915274248e-001 ]
Rr: !!opencv-matrix
   rows: 3
   cols: 3
   dt: d
   data: [ 9.9077171754047133e-001, 6.2164845797222049e-002,
       -1.2044474114261741e-001, -6.1537257054085553e-002,
       9.9806486759345325e-001, 8.9267054349256546e-003,
       1.2076659188767359e-001, -1.4324882792330811e-003,
       9.9267989717792005e-001 ]
Pl: !!opencv-matrix
   rows: 3
   cols: 4
   dt: d
   data: [ 7.9938225734140985e+002, 0., 4.2305937194824219e+002, 0., 0.,
       7.9938225734140985e+002, 2.1970658493041992e+002, 0., 0., 0., 1.,
       0. ]
Pr: !!opencv-matrix
   rows: 3
   cols: 4
   dt: d
   data: [ 7.9938225734140985e+002, 0., 4.2305937194824219e+002,
       -4.9075280341445323e+004, 0., 7.9938225734140985e+002,
       2.1970658493041992e+002, 0., 0., 0., 1., 0. ]
Q: !!opencv-matrix
   rows: 4
   cols: 4
   dt: d
   data: [ 1., 0., 0., -4.2305937194824219e+002, 0., 1., 0.,
       -2.1970658493041992e+002, 0., 0., 0., 7.9938225734140985e+002, 0.,
       0., 1.6288898438880872e-002, 0. ]
