%YAML:1.0
R: !!opencv-matrix
   rows: 3
   cols: 3
   dt: d
   data: [ 9.9586677530506273e-001, 7.0452855247918446e-003,
       -9.0552359413599959e-002, -9.5734556935136925e-003,
       9.9957553363496665e-001, -2.7515477543665536e-002,
       9.0320068587108365e-002, 2.8268648893178299e-002,
       9.9551151108371128e-001 ]
T: !!opencv-matrix
   rows: 3
   cols: 1
   dt: d
   data: [ -6.6216592936905201e+001, -2.1913231839187803e+000,
       1.1303070538750184e+001 ]
Rl: !!opencv-matrix
   rows: 3
   cols: 3
   dt: d
   data: [ 9.6564393583762709e-001, 3.4777288967314919e-002,
       -2.5753122015029711e-001, -3.8294977515668273e-002,
       9.9922899882529692e-001, -8.6546290312859223e-003,
       2.5703167874231259e-001, 1.8219442326223773e-002,
       9.6623121872781059e-001 ]
Rr: !!opencv-matrix
   rows: 3
   cols: 3
   dt: d
   data: [ 9.8521778801333182e-001, 3.2604072247267912e-002,
       -1.6817516063620272e-001, -3.0313145088900092e-002,
       9.9940961124561911e-001, 1.6172265911112527e-002,
       1.6860315363876482e-001, -1.0835286003395405e-002,
       9.8562445848319324e-001 ]
Pl: !!opencv-matrix
   rows: 3
   cols: 4
   dt: d
   data: [ 8.0376945617621800e+002, 0., 4.9843287754058838e+002, 0., 0.,
       8.0376945617621800e+002, 2.3855345916748047e+002, 0., 0., 0., 1.,
       0. ]
Pr: !!opencv-matrix
   rows: 3
   cols: 4
   dt: d
   data: [ 8.0376945617621800e+002, 0., 4.9843287754058838e+002,
       -5.4021431141698078e+004, 0., 8.0376945617621800e+002,
       2.3855345916748047e+002, 0., 0., 0., 1., 0. ]
Q: !!opencv-matrix
   rows: 4
   cols: 4
   dt: d
   data: [ 1., 0., 0., -4.9843287754058838e+002, 0., 1., 0.,
       -2.3855345916748047e+002, 0., 0., 0., 8.0376945617621800e+002, 0.,
       0., 1.4878714598803069e-002, 0. ]
