%YAML:1.0
R: !!opencv-matrix
   rows: 3
   cols: 3
   dt: d
   data: [ 9.9588961371342299e-001, 3.7306101907365252e-003,
       -9.0498396921348936e-002, -4.1991403587163757e-003,
       9.9997874643367946e-001, -4.9873741763331305e-003,
       9.0477867558740835e-002, 5.3468896128242684e-003,
       9.9588411286328460e-001 ]
T: !!opencv-matrix
   rows: 3
   cols: 1
   dt: d
   data: [ -6.5504348518438434e+001, -5.2445581456235679e+000,
       1.7182715155592007e+001 ]
Rl: !!opencv-matrix
   rows: 3
   cols: 3
   dt: d
   data: [ 9.3721078495507082e-001, 7.9456476356600997e-002,
       -3.3959183283596933e-001, -7.9820717722917545e-002,
       9.9672550471923438e-001, 1.2919801251791568e-002,
       3.3950640286465639e-001, 1.4997886757153019e-002,
       9.4048416563317083e-001 ]
Rr: !!opencv-matrix
   rows: 3
   cols: 3
   dt: d
   data: [ 9.6438742421661283e-001, 7.7212979528961861e-002,
       -2.5297243289557675e-001, -7.6943450715961592e-002,
       9.9697506326174201e-001, 1.0973997729452968e-002,
       2.5305454235157954e-001, 8.8813865193315949e-003,
       9.6741124635220521e-001 ]
Pl: !!opencv-matrix
   rows: 3
   cols: 4
   dt: d
   data: [ 7.8746822022874073e+002, 0., 5.8648227787017822e+002, 0., 0.,
       7.8746822022874073e+002, 2.3324409133195877e+002, 0., 0., 0., 1.,
       0. ]
Pr: !!opencv-matrix
   rows: 3
   cols: 4
   dt: d
   data: [ 7.8746822022874073e+002, 0., 5.8648227787017822e+002,
       -5.3487417452544272e+004, 0., 7.8746822022874073e+002,
       2.3324409133195877e+002, 0., 0., 0., 1., 0. ]
Q: !!opencv-matrix
   rows: 4
   cols: 4
   dt: d
   data: [ 1., 0., 0., -5.8648227787017822e+002, 0., 1., 0.,
       -2.3324409133195877e+002, 0., 0., 0., 7.8746822022874073e+002, 0.,
       0., 1.4722494704991271e-002, 0. ]
