%YAML:1.0
R: !!opencv-matrix
   rows: 3
   cols: 3
   dt: d
   data: [ 9.9417192117137310e-001, 4.8723167415582955e-003,
       -1.0769610802620067e-001, -6.2362059446046253e-003,
       9.9990452254551809e-001, -1.2331079775756149e-002,
       1.0762574454951579e-001, 1.2930828379864728e-002,
       9.9410738493764994e-001 ]
T: !!opencv-matrix
   rows: 3
   cols: 1
   dt: d
   data: [ -6.7949347547874268e+001, 1.6619087476416290e+000,
       4.3504270868402468e+000 ]
Rl: !!opencv-matrix
   rows: 3
   cols: 3
   dt: d
   data: [ 9.8512273786084703e-001, -2.0363520560709905e-002,
       -1.7064149079260446e-001, 1.9150476766086891e-002,
       9.9977830723332661e-001, -8.7518926693194686e-003,
       1.7078188015471824e-001, 5.3538225631100684e-003,
       9.8529431440295157e-001 ]
Rr: !!opencv-matrix
   rows: 3
   cols: 3
   dt: d
   data: [ 9.9765957179272846e-001, -2.4400810741597872e-002,
       -6.3874715228348256e-002, 2.4852647640416808e-002,
       9.9967134491514931e-001, 6.2887248944218325e-003,
       6.3700272492440313e-002, -7.8614623759932622e-003,
       9.9793811065301030e-001 ]
Pl: !!opencv-matrix
   rows: 3
   cols: 4
   dt: d
   data: [ 8.0427632587709547e+002, 0., 3.8624746704101562e+002, 0., 0.,
       8.0427632587709547e+002, 1.9171220397949219e+002, 0., 0., 0., 1.,
       0. ]
Pr: !!opencv-matrix
   rows: 3
   cols: 4
   dt: d
   data: [ 8.0427632587709547e+002, 0., 3.8624746704101562e+002,
       -5.4778256167429543e+004, 0., 8.0427632587709547e+002,
       1.9171220397949219e+002, 0., 0., 0., 1., 0. ]
Q: !!opencv-matrix
   rows: 4
   cols: 4
   dt: d
   data: [ 1., 0., 0., -3.8624746704101562e+002, 0., 1., 0.,
       -1.9171220397949219e+002, 0., 0., 0., 8.0427632587709547e+002, 0.,
       0., 1.4682401050132516e-002, 0. ]
