%YAML:1.0
R: !!opencv-matrix
   rows: 3
   cols: 3
   dt: d
   data: [ 9.9927386368607451e-001, 9.6481863637348751e-003,
       -3.6859976313003598e-002, -1.0134404793197462e-002,
       9.9986378671296383e-001, -1.3026966626980429e-002,
       3.6729268892698674e-002, 1.3391061194075916e-002,
       9.9923552793458281e-001 ]
T: !!opencv-matrix
   rows: 3
   cols: 1
   dt: d
   data: [ -6.4381922416273767e+001, 9.3072876388713577e-001,
       2.9605442229969556e+000 ]
Rl: !!opencv-matrix
   rows: 3
   cols: 3
   dt: d
   data: [ 9.9657429827314459e-001, -5.4157001841753484e-003,
       -8.2524773328403966e-002, 4.8495949151462284e-003,
       9.9996332722183701e-001, -7.0587279726888764e-003,
       8.2559974870080474e-002, 6.6343351549764248e-003,
       9.9656401507705616e-001 ]
Rr: !!opencv-matrix
   rows: 3
   cols: 3
   dt: d
   data: [ 9.9884025899109730e-001, -1.4439602370998731e-002,
       -4.5930762044243456e-002, 1.4754090531978925e-002,
       9.9986992498589644e-001, 6.5153604099799306e-003,
       4.5830708386098915e-002, -7.1854709007282327e-003,
       9.9892337803094944e-001 ]
Pl: !!opencv-matrix
   rows: 3
   cols: 4
   dt: d
   data: [ 8.1233316440972919e+002, 0., 3.4163465881347656e+002, 0., 0.,
       8.1233316440972919e+002, 2.1657838821411133e+002, 0., 0., 0., 1.,
       0. ]
Pr: !!opencv-matrix
   rows: 3
   cols: 4
   dt: d
   data: [ 8.1233316440972919e+002, 0., 3.4163465881347656e+002,
       -5.2360295148715559e+004, 0., 8.1233316440972919e+002,
       2.1657838821411133e+002, 0., 0., 0., 1., 0. ]
Q: !!opencv-matrix
   rows: 4
   cols: 4
   dt: d
   data: [ 1., 0., 0., -3.4163465881347656e+002, 0., 1., 0.,
       -2.1657838821411133e+002, 0., 0., 0., 8.1233316440972919e+002, 0.,
       0., 1.5514296894288159e-002, 0. ]
