%YAML:1.0
R: !!opencv-matrix
   rows: 3
   cols: 3
   dt: d
   data: [ 9.9986564454049320e-001, -7.5564930648988225e-003,
       -1.4546211884348386e-002, 7.6119348871011338e-003,
       9.9996396037033974e-001, 3.7598414514546166e-003,
       1.4517276428406084e-002, -3.8700611139463551e-003,
       9.9988712928613876e-001 ]
T: !!opencv-matrix
   rows: 3
   cols: 1
   dt: d
   data: [ -6.4683649785459906e+001, 7.2034308712047801e-002,
       9.5594916402656971e-001 ]
Rl: !!opencv-matrix
   rows: 3
   cols: 3
   dt: d
   data: [ 9.9953284932545283e-001, -8.6119522891222183e-003,
       -2.9324348195850371e-002, 8.6685843299192187e-003,
       9.9996079867855359e-001, 1.8046472963841149e-003,
       2.9307657106235382e-002, -2.0580048394379449e-003,
       9.9956831975159366e-001 ]
Rr: !!opencv-matrix
   rows: 3
   cols: 3
   dt: d
   data: [ 9.9989019097016463e-001, -1.1135178508541676e-003,
       -1.4777214881143436e-002, 1.0849720359568890e-003,
       9.9999753034888739e-001, -1.9396215629189741e-003,
       1.4779338189812471e-002, 1.9233757100415231e-003,
       9.9988892972597165e-001 ]
Pl: !!opencv-matrix
   rows: 3
   cols: 4
   dt: d
   data: [ 8.0654072387657641e+002, 0., 3.0163080978393555e+002, 0., 0.,
       8.0654072387657641e+002, 2.1141493606567383e+002, 0., 0., 0., 1.,
       0. ]
Pr: !!opencv-matrix
   rows: 3
   cols: 4
   dt: d
   data: [ 8.0654072387657641e+002, 0., 3.0163080978393555e+002,
       -5.2175727086916158e+004, 0., 8.0654072387657641e+002,
       2.1141493606567383e+002, 0., 0., 0., 1., 0. ]
Q: !!opencv-matrix
   rows: 4
   cols: 4
   dt: d
   data: [ 1., 0., 0., -3.0163080978393555e+002, 0., 1., 0.,
       -2.1141493606567383e+002, 0., 0., 0., 8.0654072387657641e+002, 0.,
       0., 1.5458159740313969e-002, 0. ]
