%YAML:1.0
cameraMatrixL: !!opencv-matrix
   rows: 3
   cols: 3
   dt: d
   data: [ 8.0969752183259061e+002, 0., 2.8136763953686989e+002, 0.,
       8.1233316440972919e+002, 2.2103012903678655e+002, 0., 0., 1. ]
cameraDistcoeffL: !!opencv-matrix
   rows: 5
   cols: 1
   dt: d
   data: [ 5.9516985057451406e-002, -1.6611626731972157e-001,
       -7.4734471754664212e-003, -9.3642850914980452e-003,
       -7.3201882202834823e-001 ]
cameraMatrixR: !!opencv-matrix
   rows: 3
   cols: 3
   dt: d
   data: [ 8.1372811913786711e+002, 0., 2.8163270962404908e+002, 0.,
       8.1540730189407293e+002, 2.1267787359654540e+002, 0., 0., 1. ]
cameraDistcoeffR: !!opencv-matrix
   rows: 5
   cols: 1
   dt: d
   data: [ 8.2919537542726074e-002, -1.6697256911318323e+000,
       -8.9808649455448697e-003, -1.2663230129723266e-002,
       1.2583591683259307e+001 ]
