%YAML:1.0
cameraMatrixL: !!opencv-matrix
   rows: 3
   cols: 3
   dt: d
   data: [ 8.0235767981953438e+002, 0., 2.8464066244394905e+002, 0.,
       8.0376945617621800e+002, 2.3693285193950888e+002, 0., 0., 1. ]
cameraDistcoeffL: !!opencv-matrix
   rows: 5
   cols: 1
   dt: d
   data: [ 1.3798617821351614e-001, -7.4435312741011017e-001,
       3.4735302825492125e-004, -1.4321606953204712e-002,
       1.0859848334338962e+000 ]
cameraMatrixR: !!opencv-matrix
   rows: 3
   cols: 3
   dt: d
   data: [ 8.1781726169331296e+002, 0., 3.1317170689632854e+002, 0.,
       8.2011397395243421e+002, 2.4289089135901844e+002, 0., 0., 1. ]
cameraDistcoeffR: !!opencv-matrix
   rows: 5
   cols: 1
   dt: d
   data: [ 9.4621669827901420e-002, -9.1315954740594540e-001,
       8.9237074737015497e-003, -4.6391244757624992e-007,
       2.5419314633227112e+000 ]
