%YAML:1.0
cameraMatrixL: !!opencv-matrix
   rows: 3
   cols: 3
   dt: d
   data: [ 8.1251129885590058e+002, 0., 2.7380687462146437e+002, 0.,
       8.1406559372005074e+002, 2.1976754233596219e+002, 0., 0., 1. ]
cameraDistcoeffL: !!opencv-matrix
   rows: 5
   cols: 1
   dt: d
   data: [ -4.9806913366624753e-002, 3.0521463297709250e-001,
       -4.4730995685099790e-003, -3.7843915239465895e-003,
       -1.7255366857799233e+000 ]
cameraMatrixR: !!opencv-matrix
   rows: 3
   cols: 3
   dt: d
   data: [ 8.2001230007538391e+002, 0., 2.8319245801913337e+002, 0.,
       8.2160039357393384e+002, 2.1475075763910419e+002, 0., 0., 1. ]
cameraDistcoeffR: !!opencv-matrix
   rows: 5
   cols: 1
   dt: d
   data: [ -3.7442412412653794e-002, 2.1777564475887110e+000,
       -4.8240350938947608e-003, -1.0162126099054687e-002,
       -1.4750772402346982e+001 ]
