%YAML:1.0
cameraMatrixL: !!opencv-matrix
   rows: 3
   cols: 3
   dt: d
   data: [ 8.0715563049018806e+002, 0., 2.9790906832396445e+002, 0.,
       8.0740688500117574e+002, 2.2376289751407899e+002, 0., 0., 1. ]
cameraDistcoeffL: !!opencv-matrix
   rows: 5
   cols: 1
   dt: d
   data: [ 3.2950629491135433e-002, -4.3658796277012198e-002,
       -4.7858543295424671e-003, -5.3395265361986287e-003,
       -1.2898004170547344e+000 ]
cameraMatrixR: !!opencv-matrix
   rows: 3
   cols: 3
   dt: d
   data: [ 8.0453639544556052e+002, 0., 2.8151410989290349e+002, 0.,
       8.0654072387657641e+002, 2.0903242179543921e+002, 0., 0., 1. ]
cameraDistcoeffR: !!opencv-matrix
   rows: 5
   cols: 1
   dt: d
   data: [ 6.6466606184909682e-002, -3.7610541506104794e-001,
       -8.3028978333363097e-003, -1.1177082772815705e-002,
       -6.4427360275749135e-001 ]
ReL1: 0
ReL2: 0
ReL3: 581
ReL4: 441
ReR1: 10
ReR2: 3
ReR3: 590
ReR4: 447
