%YAML:1.0
cameraMatrixL: !!opencv-matrix
   rows: 3
   cols: 3
   dt: d
   data: [ 7.9781857971000363e+002, 0., 3.0388870316119596e+002, 0.,
       7.9938225734140985e+002, 2.2405286509255416e+002, 0., 0., 1. ]
cameraDistcoeffL: !!opencv-matrix
   rows: 5
   cols: 1
   dt: d
   data: [ 4.4783557234858828e-002, 4.0213764420187686e-001,
       -4.5784680634309806e-003, -7.3208650680548137e-003,
       -3.6191263065994961e+000 ]
cameraMatrixR: !!opencv-matrix
   rows: 3
   cols: 3
   dt: d
   data: [ 8.0674649615953990e+002, 0., 2.9728769856358565e+002, 0.,
       8.0960337917526942e+002, 2.2637178338167212e+002, 0., 0., 1. ]
cameraDistcoeffR: !!opencv-matrix
   rows: 5
   cols: 1
   dt: d
   data: [ 7.3412322128237339e-002, -6.2078326474641532e-001,
       1.4089417904633969e-003, -2.9815967591643056e-004,
       -3.1601867060808803e-001 ]
