%YAML:1.0
cameraMatrixL: !!opencv-matrix
   rows: 3
   cols: 3
   dt: d
   data: [ 8.0634798277240554e+002, 0., 2.6759450333936269e+002, 0.,
       8.0484446812199621e+002, 2.2224225712160839e+002, 0., 0., 1. ]
cameraDistcoeffL: !!opencv-matrix
   rows: 5
   cols: 1
   dt: d
   data: [ -8.7407356210019313e-002, 1.1353643480664966e+000,
       -4.1173244925871025e-003, -9.4259787721635221e-003,
       -5.2448814264771455e+000 ]
cameraMatrixR: !!opencv-matrix
   rows: 3
   cols: 3
   dt: d
   data: [ 8.2898111526128173e+002, 0., 2.9490171218689210e+002, 0.,
       8.3002536533027376e+002, 2.1332021112785534e+002, 0., 0., 1. ]
cameraDistcoeffR: !!opencv-matrix
   rows: 5
   cols: 1
   dt: d
   data: [ -1.1085100162599903e-002, 2.2934666222451700e-001,
       -8.8719036175380697e-003, -8.7393250737514451e-003,
       -3.4791084283451887e+000 ]
