%YAML:1.0
R: !!opencv-matrix
   rows: 3
   cols: 3
   dt: d
   data: [ 9.9864082897399464e-001, -2.8353141572151939e-002,
       -4.3733214712873378e-002, 2.9038574113115074e-002,
       9.9946395863709581e-001, 1.5118088468543431e-002,
       4.3281126598205572e-002, -1.6367490597372965e-002,
       9.9892885098586226e-001 ]
T: !!opencv-matrix
   rows: 3
   cols: 1
   dt: d
   data: [ -6.5225841453488911e+001, -9.3170166683506417e-001,
       -2.2675269951301838e-001 ]
Rl: !!opencv-matrix
   rows: 3
   cols: 3
   dt: d
   data: [ 9.9909812728916936e-001, -1.4131930377890744e-002,
       -4.0040237150510041e-002, 1.4452086212005961e-002,
       9.9986577811527266e-001, 7.7177041962707632e-003,
       3.9925796816035905e-002, -8.2894087687142622e-003,
       9.9916826233166045e-001 ]
Rr: !!opencv-matrix
   rows: 3
   cols: 3
   dt: d
   data: [ 9.9989195497357142e-001, 1.4282698089347810e-002,
       3.4760486788553285e-003, -1.4254412619597040e-002,
       9.9986615361222020e-001, -8.0303537639572885e-003,
       -3.5902785406571949e-003, 7.9799370920183785e-003,
       9.9996171451911486e-001 ]
Pl: !!opencv-matrix
   rows: 3
   cols: 4
   dt: d
   data: [ 8.0570685905606172e+002, 0., 2.9610758590698242e+002, 0., 0.,
       8.0570685905606172e+002, 2.1548664093017578e+002, 0., 0., 0., 1.,
       0. ]
Pr: !!opencv-matrix
   rows: 3
   cols: 4
   dt: d
   data: [ 8.0570685905606172e+002, 0., 2.9610758590698242e+002,
       -5.2558586540651027e+004, 0., 8.0570685905606172e+002,
       2.1548664093017578e+002, 0., 0., 0., 1., 0. ]
Q: !!opencv-matrix
   rows: 4
   cols: 4
   dt: d
   data: [ 1., 0., 0., -2.9610758590698242e+002, 0., 1., 0.,
       -2.1548664093017578e+002, 0., 0., 0., 8.0570685905606172e+002, 0.,
       0., 1.5329690390986713e-002, 0. ]
