%YAML:1.0
R: !!opencv-matrix
   rows: 3
   cols: 3
   dt: d
   data: [ 9.9767014653099395e-001, 5.5088810090352458e-003,
       -6.7999492283791610e-002, -5.3972628672115967e-003,
       9.9998376921213794e-001, 1.8250659790371205e-003,
       6.8008442669769784e-002, -1.4538027080421504e-003,
       9.9768368643739924e-001 ]
T: !!opencv-matrix
   rows: 3
   cols: 1
   dt: d
   data: [ -6.6704239350838151e+001, -2.6994687794829197e-001,
       3.4577186351418678e+000 ]
Rl: !!opencv-matrix
   rows: 3
   cols: 3
   dt: d
   data: [ 9.9278193906078482e-001, 9.6181057732926557e-003,
       -1.1954711839288291e-001, -9.5200575516838238e-003,
       9.9995371539876177e-001, 1.3912456377638673e-003,
       1.1955496634987958e-001, -2.4310809473087128e-004,
       9.9282755346511886e-001 ]
Rr: !!opencv-matrix
   rows: 3
   cols: 3
   dt: d
   data: [ 9.9865103097104113e-001, 4.0414631902565027e-003,
       -5.1766639023202839e-002, -4.0838551769075667e-003,
       9.9999140673033460e-001, -7.1315663095586367e-004,
       5.1763311982241156e-002, 9.2360206151391358e-004,
       9.9865895404380234e-001 ]
Pl: !!opencv-matrix
   rows: 3
   cols: 4
   dt: d
   data: [ 8.2692374328022743e+002, 0., 3.4673126602172852e+002, 0., 0.,
       8.2692374328022743e+002, 2.1620688629150391e+002, 0., 0., 0., 1.,
       0. ]
Pr: !!opencv-matrix
   rows: 3
   cols: 4
   dt: d
   data: [ 8.2692374328022743e+002, 0., 3.4673126602172852e+002,
       -5.5233828020005167e+004, 0., 8.2692374328022743e+002,
       2.1620688629150391e+002, 0., 0., 0., 1., 0. ]
Q: !!opencv-matrix
   rows: 4
   cols: 4
   dt: d
   data: [ 1., 0., 0., -3.4673126602172852e+002, 0., 1., 0.,
       -2.1620688629150391e+002, 0., 0., 0., 8.2692374328022743e+002, 0.,
       0., 1.4971327770016656e-002, 0. ]
