%YAML:1.0
cameraMatrixL: !!opencv-matrix
   rows: 3
   cols: 3
   dt: d
   data: [ 8.4248474936717730e+002, 0., 2.7878993208732601e+002, 0.,
       8.3992126457969994e+002, 2.2668497408148542e+002, 0., 0., 1. ]
cameraDistcoeffL: !!opencv-matrix
   rows: 5
   cols: 1
   dt: d
   data: [ -6.8230590789090814e-002, 1.0620000974645392e+000,
       -4.0108153014175637e-003, -5.0345560963320482e-003,
       -5.7052419299858288e+000 ]
cameraMatrixR: !!opencv-matrix
   rows: 3
   cols: 3
   dt: d
   data: [ 8.4827631873927487e+002, 0., 2.8891268462407061e+002, 0.,
       8.4630510938084012e+002, 2.2066999728536686e+002, 0., 0., 1. ]
cameraDistcoeffR: !!opencv-matrix
   rows: 5
   cols: 1
   dt: d
   data: [ 5.7388195210763271e-002, -6.6392232185350142e-001,
       -3.1377037414348687e-003, -1.0609141465246377e-002,
       1.5441935713075491e-001 ]
