%YAML:1.0
cameraMatrixL: !!opencv-matrix
   rows: 3
   cols: 3
   dt: d
   data: [ 8.0936522962366541e+002, 0., 2.7860289868266455e+002, 0.,
       8.1015356702570409e+002, 2.2027265681847820e+002, 0., 0., 1. ]
cameraDistcoeffL: !!opencv-matrix
   rows: 5
   cols: 1
   dt: d
   data: [ -2.0465171419498225e-002, 3.4621972561339820e-001,
       -6.7961687990801458e-003, -9.6164034619798562e-003,
       -1.7985611885725012e+000 ]
cameraMatrixR: !!opencv-matrix
   rows: 3
   cols: 3
   dt: d
   data: [ 8.0372926300663755e+002, 0., 2.8057819973435954e+002, 0.,
       8.0570685905606172e+002, 2.1010925589234216e+002, 0., 0., 1. ]
cameraDistcoeffR: !!opencv-matrix
   rows: 5
   cols: 1
   dt: d
   data: [ 2.2000872247157677e-001, -3.6036857576393517e+000,
       -5.2120820136556138e-003, -1.2145502052543512e-002,
       1.6098677797674849e+001 ]
